

initial : 0 1 2 3
nom of reqs: 23 

uniform: 12,16,5,19,16,22,18,7,4,8,2,15,8,19,11,21,15,7,16,17,12,13,22,      : 29,27,30 
markov: 11,10,9,10,9,10,9,8,9,10,11,10,11,12,11,10,11,12,11,10,9,8,9,
! Greedy: 7,10,5,11,6,
23
uniform: 7,6,4,11,9,3,13,11,22,3,16,1,2,11,4,19,3,10,3,20,11,2,1,
markov: 11,10,9,10,9,10,9,8,9,10,11,10,11,12,11,10,11,12,11,10,9,8,9,
! Greedy: 7,10,5,11,6,
23
uniform: 5,3,22,19,11,15,2,18,4,13,20,1,19,10,1,10,13,6,11,3,1,0,5,
markov: 11,10,9,10,9,10,9,8,9,10,11,10,11,12,11,10,11,12,11,10,9,8,9,
! Greedy: 7,10,5,11,6,



40:

uniform: 13,0,12,10,16,0,6,8,3,1,22,9,6,0,21,14,1,7,18,9,12,10,10,21,1,5,4,3,16,15,4,17,12,16,6,5,13,17,9,10,
markov: 11,10,9,10,9,10,9,8,9,10,11,10,11,12,11,10,11,12,11,10,9,8,9,10,11,12,13,12,13,12,13,14,15,14,13,14,13,14,15,16,
! Greedy: 16,10,14,19,14,
40
uniform: 16,13,18,17,2,0,18,5,19,19,7,14,14,8,5,6,8,14,11,20,1,7,7,22,12,9,0,1,2,11,18,20,19,11,20,9,2,2,17,17,
markov: 11,10,9,10,9,10,9,8,9,10,11,10,11,12,11,10,11,12,11,10,9,8,9,10,11,12,13,12,13,12,13,14,15,14,13,14,13,14,15,16,
! Greedy: 16,10,14,19,14,
40
uniform: 19,22,15,9,14,12,12,16,8,3,11,0,20,21,0,19,18,13,17,18,11,5,15,8,13,16,17,11,10,6,22,2,16,22,3,13,14,9,8,21,
markov: 11,10,9,10,9,10,9,8,9,10,11,10,11,12,11,10,11,12,11,10,9,8,9,10,11,12,13,12,13,12,13,14,15,14,13,14,13,14,15,16,
! Greedy: 16,10,14,19,14,

