init : 4, 5, 6, 7

uniform: 11,2,16,20,19,0,13,15,17,11,11,4,5,5,22,4,0,14,15,0,5,5,2,  		:23, 23, 24
markov: 11,12,11,12,13,14,15,14,13,12,13,14,15,14,13,12,13,14,13,14,15,14,15,   :13, 10, 9
! Greedy: 18,0,13,21,8 								:8, 9, 8
23
uniform: 6,8,22,8,9,1,17,21,1,8,19,16,0,21,9,15,14,20,14,16,13,11,21,		:22, 22, 31
markov: 11,12,11,10,9,10,11,12,13,12,13,12,11,12,11,10,11,10,9,10,9,10,9,	:24, 8, 8
! Greedy: 16,10,18,15,2								:7, 9, 7
23
uniform: 1,14,6,15,11,15,11,16,17,12,12,14,20,2,0,8,20,18,22,12,4,1,13		:29, 25, 26
markov: 11,12,11,10,9,8,7,6,7,8,7,8,7,6,5,4,5,4,3,2,1,0,1,			:17, 20, 22
! Greedy: 11,0,17,3,15								:7, 9, 11
23
uniform: 14,8,2,19,11,8,11,1,16,19,4,1,8,15,13,19,6,16,17,10,21,6,9		:26, 22, 25
markov: 11,12,13,12,11,10,9,8,7,6,5,4,5,6,7,8,7,8,7,8,9,10,11,			:18, 20, 24
! Greedy: 17,2,12,13,18								:7, 8, 7
23
uniform: 11,14,22,4,20,20,14,16,4,14,18,14,18,1,11,19,1,15,20,20,3,12,20,	:23, 20, 18
markov: 11,12,11,10,11,10,9,8,7,6,7,8,9,10,11,12,11,10,9,8,9,10,11,		:28, 16, 24
! Greedy: 2,1,10,13,19								:7, 7, 7




initial : 4, 5, 6, 7
nom of reqs: 23 


uniform: 11,9,6,15,7,9,6,3,8,15,0,22,3,4,2,22,3,10,6,14,5,5,18,20,12,7,5,1,10,7,4,20,7,13,6,2,6,12,18,4, 
	: 48, 37, 44 
markov: 11,12,13,14,15,16,17,16,15,16,17,16,15,14,13,12,13,12,11,10,9,10,11,10,9,8,9,8,7,6,5,6,5,4,3,4,3,2,1,0,
	: 40, 34, 34
! Greedy: 21,18,19,1,16
	: 6, 8, 10 
40
uniform: 6,14,20,4,2,13,19,3,13,18,2,19,11,7,17,8,13,2,9,7,0,17,14,8,5,9,22,3,22,15,14,12,18,11,8,7,7,22,21,17,
	: 52, 42, 28
markov: 11,12,11,12,11,10,9,10,9,10,11,10,9,8,9,10,11,10,9,10,9,8,9,8,9,8,7,8,7,6,7,8,7,6,7,6,5,6,5,4,
	: 44, 16, 20 
! Greedy: 12,22,10,1,0
	: 6, 6, 6
40
uniform: 17,18,21,13,8,14,1,1,8,6,1,15,3,15,11,10,18,19,16,11,12,14,1,17,12,6,15,6,2,21,10,8,17,20,4,19,8,2,21,22,
	:49, 41, 45
markov: 11,12,13,14,13,14,13,12,13,12,11,12,13,12,11,12,13,14,13,14,13,12,11,10,9,10,11,10,11,10,9,8,7,8,7,6,7,8,9,8,
	:41, 20, 24
! Greedy: 22,15,14,9,21
	: 5, 6, 5 
40
uniform: 7,13,19,10,9,20,12,20,8,11,1,0,19,12,4,10,20,20,6,9,12,18,18,11,5,8,14,5,5,17,0,8,10,1,20,10,18,4,21,5,
	: 50, 42, 53
markov: 11,12,13,14,13,12,11,10,9,8,9,10,9,8,7,6,7,8,7,8,9,8,9,8,9,8,7,8,9,8,9,8,7,8,9,10,9,10,11,10,
	: 44, 18, 21
! Greedy: 13,3,17,21,21
	: 4, 6, 6



40:


