initial : 0 1 2 3
nom of reqs: 40 

uniform: 11,9,6,15,7,9,6,3,8,15,0,22,3,4,2,22,3,10,6,14,5,5,18,20,12,7,5,1,10,7,4,20,7,13,6,2,6,12,18,4, : 48,38,46
markov: 11,12,13,14,15,16,17,16,15,16,17,16,15,14,13,12,13,12,11,10,9,10,11,10,9,8,9,8,7,6,5,6,5,4,3,4,3,2,1,0  : 38,35,38
40
uniform: 6,14,20,4,2,13,19,3,13,18,2,19,11,7,17,8,13,2,9,7,0,17,14,8,5,9,22,3,22,15,14,12,18,11,8,7,7,22,21,17, : 49,43,43
markov: 11,12,11,12,11,10,9,10,9,10,11,10,9,8,9,10,11,10,9,10,9,8,9,8,9,8,7,8,7,6,7,8,7,6,7,6,5,6,5,4,   : 40,22,26
40
uniform: 17,18,21,13,8,14,1,1,8,6,1,15,3,15,11,10,18,19,16,11,12,14,1,17,12,6,15,6,2,21,10,8,17,20,4,19,8,2,21,22,  :57,42,50 
markov: 11,12,13,14,13,14,13,12,13,12,11,12,13,12,11,12,13,14,13,14,13,12,11,10,9,10,11,10,11,10,9,8,7,8,7,6,7,8,9,8, : 26,20,27
40
uniform: 7,13,19,10,9,20,12,20,8,11,1,0,19,12,4,10,20,20,6,9,12,18,18,11,5,8,14,5,5,17,0,8,10,1,20,10,18,4,21,5, : 54,47,59
markov: 11,12,13,14,13,12,11,10,9,8,9,10,9,8,7,6,7,8,7,8,9,8,9,8,9,8,7,8,9,8,9,8,7,8,9,10,9,10,11,10,    :  29,16,17

