
49 nom of nodes

uniform: 39,25,24,7,12,37,10,0,26,43    26,26,25,
markov: 24,23,22,21,20,19,20,19,18,17,  13,14,15 
! Greedy: 35,28,19,42,37,



uniform: 13,22,11,10,35,20,16,38,29,12,  : 32,32,36 
markov: 24,23,22,21,20,19,20,19,20,19,
10
uniform: 5,15,34,15,25,26,3,43,6,46,   27,27,31
markov: 24,23,22,21,20,19,18,17,16,17, 15,14,18  
! Greedy: 35,40,23,27,41,

uniform: 43,17,45,30,25,24,39,17,4,45,  :27,28,32
markov: 24,23,22,21,20,19,20,19,20,19,  11,12,13
! Greedy: 35,41,42,42,44,


uniform: 28,9,25,22,10,15,46,12,13,1,
markov: 24,23,22,21,20,19,18,17,16,17,
! Greedy: 35,15,45,33,46,

